0 0 0
-0.113979 -0.0685605 -0.000541687
-0.227987 -0.136676 -0.00159454
-0.341926 -0.204984 -0.0019989
-0.455877 -0.273358 -0.00247192
-0.569798 -0.341362 -0.00351715
-0.683659 -0.409527 -0.00402832
-0.797581 -0.477804 -0.00440216
-0.911533 -0.545309 -0.00532532
-1.02529 -0.613331 -0.0059433
-1.13922 -0.681406 -0.00640106
-1.2531 -0.748779 -0.00733185
-1.36664 -0.816791 -0.00802612
-1.48054 -0.884653 -0.00860596
-1.5944 -0.952449 -0.00971985
-1.70797 -1.02024 -0.0102997
-1.8215 -1.08828 -0.0111084
-1.93524 -1.15605 -0.0122604
-2.04876 -1.22374 -0.0128021
-2.1622 -1.29161 -0.0135803
-2.2758 -1.35929 -0.0147781
-2.38921 -1.42692 -0.0154953
-2.50265 -1.49457 -0.0161438
-2.61609 -1.56162 -0.0170135
-2.72943 -1.62913 -0.017601
-2.84283 -1.69671 -0.0183945
-2.95622 -1.7637 -0.0190964
-3.06946 -1.83114 -0.0196686
-3.18285 -1.89858 -0.0202332
-3.29623 -1.96543 -0.020874
-3.40945 -2.03265 -0.0213089
-3.5227 -2.10013 -0.0218277
-3.63599 -2.16691 -0.0223007
-3.7491 -2.23405 -0.0224457
-3.86233 -2.30131 -0.02285
-3.97579 -2.36789 -0.0228653
-4.08891 -2.43487 -0.0230103
-4.20203 -2.502 -0.023056
-4.3155 -2.56842 -0.0229416
-4.42855 -2.63531 -0.02285
-4.54164 -2.70229 -0.0229111
-4.65495 -2.76868 -0.0226517
-4.76789 -2.83552 -0.0225983
-4.88097 -2.90229 -0.0223389
-4.99428 -2.96852 -0.0219955
-5.10714 -3.03525 -0.0217667
-5.22002 -3.10209 -0.0217285
-5.33313 -3.16831 -0.0213852
-5.44591 -3.23485 -0.0211105
-5.55871 -3.30162 -0.0209503
-5.67174 -3.36769 -0.0205688
-5.78445 -3.43416 -0.0202637
-5.89719 -3.5007 -0.0200577
-6.01013 -3.56669 -0.0196533
-6.12272 -3.63303 -0.0193405
-6.23542 -3.69946 -0.0190887
-6.34825 -3.76538 -0.0186844
-6.46073 -3.83162 -0.0183945
-6.57335 -3.8979 -0.0180893
-6.68618 -3.96327 -0.0172043
-6.79866 -4.0293 -0.0168533
-6.91113 -4.09554 -0.0165482
-7.02385 -4.1608 -0.0155792
-7.13619 -4.22672 -0.0151901
-7.24872 -4.29271 -0.0148621
-7.36139 -4.35773 -0.0142593
-7.47373 -4.42349 -0.0138092
-7.5861 -4.48936 -0.0134125
-7.69871 -4.55426 -0.0126648
-7.81095 -4.61992 -0.0120773
-7.92332 -4.68566 -0.0116577
-8.03586 -4.75048 -0.0108643
-8.14811 -4.81594 -0.0102158
-8.26035 -4.88164 -0.0096283
-8.37279 -4.94637 -0.00914764
-8.48489 -5.01176 -0.00837708
-8.59713 -5.0772 -0.00769806
-8.70948 -5.1418 -0.0071106
-8.82156 -5.20701 -0.00628662
-8.93362 -5.27239 -0.00553131
-9.04593 -5.33682 -0.00498199
-9.15795 -5.4018 -0.00427246
-9.26995 -5.46698 -0.00351715
-9.38213 -5.53124 -0.00305176
-9.49409 -5.59602 -0.00230408
-9.606 -5.66097 -0.00170135
-9.71807 -5.72512 -0.00125122
-9.8299 -5.78975 -0.00063324
-9.94184 -5.85446 0.00012207
-10.0539 -5.91842 0.000534058
-10.1655 -5.98292 0.00109863
-10.2774 -6.04742 0.00171661
-10.3892 -6.11121 0.00202942
-10.5008 -6.17546 0.002388
-10.6124 -6.23986 0.00286102
-10.7243 -6.3027 0.00282288
-10.8358 -6.36666 0.00314331
-10.9472 -6.43093 0.00337219
-11.0589 -6.49365 0.00328064
-11.1703 -6.55748 0.0035553
-11.2816 -6.62142 0.00379944
-11.3933 -6.68401 0.00367737
-11.5044 -6.74765 0.00392151
-11.6157 -6.8114 0.00416565
-11.7273 -6.87361 0.00436401
-11.8383 -6.93705 0.00457001
-11.9495 -7.00059 0.00482178
-12.061 -7.06261 0.00505829
-12.1719 -7.12583 0.00531769
-12.2828 -7.18922 0.00543976
-12.3943 -7.25073 0.00574493
-12.5051 -7.31365 0.00601196
-12.6159 -7.3769 0.00623322
-12.7272 -7.43841 0.00621033
-12.8378 -7.5012 0.00656891
-12.9487 -7.56404 0.00684357
-13.0597 -7.6254 0.00695038
-13.1702 -7.68809 0.00734711
-13.2809 -7.75077 0.00775909
-13.3919 -7.81199 0.00798035
-13.5023 -7.87447 0.00853729
-13.6128 -7.93713 0.00891113
-13.7235 -7.99826 0.00925446
-13.8338 -8.0605 0.00992584
-13.9441 -8.12296 0.010437
-14.0546 -8.18389 0.0109863
-14.1648 -8.24597 0.0116425
-14.275 -8.30816 0.0123215
-14.3854 -8.36892 0.0129166
-14.4953 -8.43079 0.0136414
-14.6055 -8.49278 0.0142975
-14.7157 -8.55336 0.0149231
-14.8255 -8.61502 0.0155792
-14.9355 -8.67677 0.0163574
-15.0458 -8.73689 0.0173416
-15.1555 -8.79828 0.0179901
-15.2653 -8.85982 0.018631
-15.3754 -8.91968 0.0195923
-15.485 -8.98072 0.020401
-15.5946 -9.04209 0.0208588
-15.7045 -9.10178 0.0217209
-15.8139 -9.16253 0.0221634
-15.9235 -9.22344 0.0228195
-16.0334 -9.28269 0.0234756
-16.1425 -9.34313 0.02388
-16.252 -9.40377 0.0241699
-16.3616 -9.46283 0.0247574
-16.4706 -9.52299 0.0251312
-16.5797 -9.58334 0.0254135
-16.6891 -9.64214 0.0258789
-16.798 -9.70196 0.0261459
-16.9069 -9.76211 0.0263977
-17.016 -9.82118 0.0266571
-17.1246 -9.88071 0.0268173
-17.2334 -9.94049 0.0268936
-17.3422 -9.99926 0.0269852
-17.4507 -10.0585 0.0269547
-17.5592 -10.1179 0.0270004
-17.6679 -10.1764 0.0269394
-17.7762 -10.2352 0.0268326
-17.8845 -10.2944 0.0267639
-17.9931 -10.3521 0.02668
-18.1012 -10.4107 0.0264969
-18.2094 -10.4694 0.0264511
-18.3179 -10.5274 0.026268
-18.4257 -10.5858 0.0261765
-18.5338 -10.6443 0.0260849
-18.642 -10.702 0.0259323
-18.7496 -10.76 0.025856
-18.8574 -10.8184 0.0258713
-18.9653 -10.8756 0.0256805
-19.0727 -10.9334 0.0257339
-19.1802 -10.9914 0.0257492
-19.2879 -11.0484 0.0256348
-19.3951 -11.1058 0.0257568
-19.5023 -11.1637 0.0259399
-19.6098 -11.2204 0.0259476
-19.7167 -11.2777 0.0261917
-19.8238 -11.3351 0.0263214
-19.9311 -11.3917 0.0263138
-20.0379 -11.4486 0.0265121
-20.1448 -11.5059 0.0268326
-20.2518 -11.5623 0.0269394
-20.3584 -11.6191 0.0271454
-20.4652 -11.676 0.0274506
-20.5722 -11.7321 0.0271225
-20.6786 -11.7888 0.0271912
-20.7853 -11.8455 0.0275574
-20.8921 -11.9014 0.0272293
-20.9984 -11.9578 0.0274582
-21.1049 -12.0144 0.027565
-21.2116 -12.0702 0.0273132
-21.3178 -12.1263 0.0276031
-21.4241 -12.1827 0.027771
-21.5307 -12.2383 0.0275421
-21.6369 -12.2942 0.0278091
-21.7431 -12.3503 0.0279999
-21.8496 -12.4057 0.0277405
-21.9557 -12.4615 0.0280304
-22.0618 -12.5174 0.028183
-22.1682 -12.5726 0.027916
-22.2742 -12.6281 0.0281906
-22.3802 -12.6839 0.0283508
-22.4865 -12.7394 0.0279312
-22.5924 -12.7948 0.0280914
-22.6985 -12.8503 0.0282974
-22.8048 -12.9051 0.0279465
-22.9106 -12.9605 0.0280533
-23.0166 -13.0159 0.0281906
-23.1229 -13.0706 0.0278473
-23.2287 -13.1257 0.0280457
-23.3345 -13.1811 0.0280533
-23.4407 -13.2357 0.0277786
-23.5464 -13.2907 0.0280228
-23.6522 -13.3459 0.0281067
-23.7584 -13.4003 0.0278549
-23.8641 -13.4552 0.0281296
-23.9698 -13.5102 0.0283127
-24.0758 -13.5646 0.0281525
-24.1814 -13.6193 0.0284271
-24.2872 -13.6741 0.0287628
-24.3931 -13.7285 0.028389
-24.4987 -13.7831 0.0286179
-24.6043 -13.8377 0.0290146
-24.7102 -13.8921 0.0286331
-24.8157 -13.9465 0.0288849
-24.9214 -14.0011 0.0292282
-25.0272 -14.0553 0.0289154
-25.1326 -14.1097 0.0291443
-25.2382 -14.1641 0.0295258
-25.3439 -14.2181 0.0292664
-25.4493 -14.2723 0.0294952
-25.5548 -14.3266 0.0298538
-25.6607 -14.3806 0.0298386
-25.7659 -14.4346 0.0299911
-25.8713 -14.4888 0.0303345
-25.9772 -14.5426 0.0302734
-26.0825 -14.5964 0.0304108
-26.1877 -14.6504 0.0305557
-26.2934 -14.7042 0.0304337
-26.3988 -14.7578 0.030571
-26.504 -14.8118 0.0306625
-26.6097 -14.8654 0.0304794
-26.7149 -14.919 0.0305481
-26.8202 -14.9726 0.030632
-26.9258 -15.0261 0.0304337
-27.0308 -15.0796 0.0305252
-27.136 -15.1331 0.0304642
-27.2415 -15.1865 0.0302505
-27.3465 -15.2398 0.0302887
-27.4515 -15.2933 0.0302658
-27.5568 -15.3465 0.0299988
-27.6618 -15.3997 0.0300293
-27.7667 -15.4531 0.029953
-27.8723 -15.5067 0.0292587
-27.9772 -15.5598 0.0292282
-28.0821 -15.613 0.0291824
-28.1877 -15.6656 0.0287552
-28.2926 -15.7186 0.0287247
-28.3975 -15.7716 0.0286789
-28.5031 -15.8242 0.0282898
-28.6079 -15.877 0.0282593
-28.7128 -15.9299 0.0282822
-28.818 -15.9819 0.0283203
-28.9226 -16.0346 0.028244
-29.0276 -16.0874 0.0283127
-29.1327 -16.1392 0.0283661
-29.2374 -16.1918 0.0282669
-29.3421 -16.2445 0.0282364
-29.4472 -16.2962 0.0282516
-29.5518 -16.3486 0.0280838
-29.6565 -16.4012 0.0280838
-29.7617 -16.4531 0.028244
-29.8662 -16.5054 0.028183
-29.9708 -16.5577 0.0280991
-30.0759 -16.6095 0.0283356
-30.1805 -16.6617 0.0283432
-30.2849 -16.714 0.028244
-30.39 -16.7657 0.0284882
-30.4946 -16.8178 0.0285568
-30.599 -16.87 0.0284653
-30.7041 -16.9216 0.0286789
-30.8086 -16.9735 0.0287247
-30.9131 -17.0255 0.0286789
-31.0181 -17.077 0.0288162
-31.1226 -17.1287 0.0287933
-31.2271 -17.1806 0.0287781
-31.332 -17.2319 0.0289307
-31.4364 -17.2836 0.0289459
-31.541 -17.3352 0.0288925
-31.6457 -17.3861 0.029007
-31.7502 -17.4375 0.0290604
-31.8545 -17.4892 0.0291061
-31.9593 -17.5401 0.029274
-32.0636 -17.5915 0.0294037
-32.1681 -17.643 0.0294647
-32.2728 -17.6938 0.0296936
-32.3771 -17.7451 0.0297928
-32.4815 -17.7964 0.0299377
-32.5862 -17.8471 0.0301514
-32.6905 -17.8982 0.0301743
-32.7949 -17.9495 0.0303726
-32.8995 -18 0.0305023
-33.0037 -18.051 0.0304108
-33.108 -18.1021 0.0304718
-33.2128 -18.1526 0.0303192
-33.317 -18.2033 0.0301743
-33.4212 -18.2543 0.030014
-33.526 -18.304 0.0300522
-33.6302 -18.3546 0.0298004
-33.7344 -18.4054 0.0296173
-33.839 -18.4551 0.0295715
-33.9432 -18.5057 0.0291748
-34.0474 -18.5562 0.0289993
-34.152 -18.6052 0.0293884
-34.256 -18.6557 0.0290222
-34.3602 -18.7062 0.028717
-34.4646 -18.7553 0.0290527
-34.5686 -18.8057 0.0285568
-34.6727 -18.8561 0.0282669
-34.7771 -18.9051 0.02845
-34.881 -18.9553 0.0278702
-34.9849 -19.0057 0.0274506
-35.0892 -19.0546 0.0274658
-35.1931 -19.1048 0.0269241
-35.297 -19.155 0.0264053
-35.4012 -19.2039 0.0264359
-35.505 -19.2539 0.0259781
-35.6089 -19.304 0.0255737
-35.7131 -19.3528 0.0256729
-35.8168 -19.4028 0.0251999
-35.9206 -19.4528 0.0248718
-36.0248 -19.5015 0.0249634
-36.1285 -19.5514 0.0245667
-36.2323 -19.6013 0.0240936
-36.3366 -19.6505 0.0240326
-36.4402 -19.7002 0.0236359
-36.5439 -19.75 0.0231781
-36.6481 -19.7991 0.0230103
-36.7518 -19.8486 0.0226746
-36.8554 -19.8982 0.0222473
-36.9595 -19.9472 0.0222168
-37.0631 -19.9968 0.022049
-37.1668 -20.0462 0.0215912
-37.2708 -20.0951 0.0216064
-37.3745 -20.1445 0.0214157
-37.4781 -20.194 0.0211639
-37.5821 -20.2429 0.0212097
-37.6856 -20.2922 0.0210266
-37.7893 -20.3415 0.020813
-37.8932 -20.3903 0.0207977
-37.9966 -20.4394 0.0205307
-38.1002 -20.4887 0.0203171
-38.204 -20.5375 0.0197601
-38.3073 -20.5866 0.0194702
-38.4108 -20.6357 0.0191879
-38.5146 -20.6844 0.0186691
-38.6178 -20.7334 0.018364
-38.7212 -20.7823 0.0180817
-38.8249 -20.8303 0.0179596
-38.9282 -20.8791 0.0176544
-39.0314 -20.928 0.0173645
-39.1351 -20.976 0.0172195
-39.2383 -21.0247 0.0168457
-39.3415 -21.0734 0.0165176
-39.4452 -21.1218 0.0162811
-39.5484 -21.1703 0.015892
-39.6516 -21.219 0.0154572
-39.7552 -21.2673 0.0151596
-39.8583 -21.3157 0.0146713
-39.9614 -21.3642 0.0142365
-40.065 -21.4124 0.0138626
-40.168 -21.4607 0.013298
-40.2711 -21.509 0.012886
-40.3746 -21.5565 0.0129852
-40.4775 -21.6048 0.0126114
-40.5805 -21.6532 0.0121307
-40.6839 -21.7007 0.0122375
-40.7868 -21.7489 0.0118332
-40.8897 -21.7972 0.0115204
-40.9931 -21.8447 0.0116653
-41.096 -21.8928 0.0113602
-41.1988 -21.941 0.0109329
-41.302 -21.9884 0.0110931
-41.4048 -22.0364 0.0107727
-41.5077 -22.0845 0.0104446
-41.6109 -22.1317 0.0105667
-41.7136 -22.1796 0.0101852
-41.8164 -22.2276 0.00984192
-41.9195 -22.2748 0.00989532
-42.0222 -22.3225 0.00961304
-42.1248 -22.3704 0.0091629
-42.2278 -22.4175 0.00946808
-42.3305 -22.4651 0.00917053
-42.4331 -22.5128 0.00881195
-42.536 -22.5598 0.00910187
-42.6386 -22.6073 0.00880432
-42.7413 -22.655 0.00845337
-42.8441 -22.702 0.00869751
-42.9466 -22.7493 0.00843811
-43.0492 -22.7969 0.00815582
-43.1519 -22.8437 0.00839996
-43.2544 -22.891 0.00809479
-43.3569 -22.9384 0.00790405
-43.4596 -22.9851 0.00811005
-43.562 -23.0322 0.0076828
-43.6645 -23.0795 0.00744629
-43.7671 -23.126 0.00759125
-43.8695 -23.173 0.00714874
-43.9719 -23.2202 0.0067749
-44.0747 -23.2661 0.00691986
-44.177 -23.313 0.00650024
-44.2794 -23.36 0.00621033
-44.3822 -23.4058 0.00643158
-44.4845 -23.4527 0.00608826
-44.5868 -23.4995 0.00566864
-44.6895 -23.5452 0.00576019
-44.7918 -23.5918 0.00550079
-44.894 -23.6387 0.00510406
-44.9966 -23.6844 0.00524139
-45.0988 -23.731 0.00484467
-45.201 -23.7774 0.00463104
-45.3035 -23.823 0.00466919
-45.4056 -23.8693 0.00422668
-45.5078 -23.9159 0.00389099
-45.6102 -23.9618 0.00403595
-45.7122 -24.0081 0.00364685
-45.8143 -24.0544 0.00320435
-45.9166 -24.1003 0.00335693
-46.0186 -24.1464 0.00300598
-46.1206 -24.1927 0.00262451
-46.223 -24.2384 0.00234985
-46.3249 -24.2844 0.00200653
-46.4269 -24.3305 0.00167847
-46.5292 -24.3761 0.00141144
-46.631 -24.422 0.00104523
-46.7329 -24.468 0.000679016
-46.8351 -24.5134 0.000358582
-46.937 -24.5591 7.6294e-06
-47.0388 -24.6052 -0.00038147
-47.1411 -24.6505 -0.000900269
-47.2428 -24.6962 -0.00137329
-47.3447 -24.7419 -0.00170898
-47.4469 -24.7871 -0.00223541
-47.5487 -24.8327 -0.00261688
-47.6504 -24.8784 -0.00312042
-47.7526 -24.9236 -0.00361633
-47.8542 -24.9691 -0.00398254
-47.9559 -25.0147 -0.0043335
-48.0581 -25.0598 -0.00476074
-48.1596 -25.1052 -0.00507355
-48.2612 -25.1507 -0.00540924
-48.3633 -25.1954 -0.00530243
-48.4647 -25.2407 -0.00553131
-48.5663 -25.2861 -0.00583649
-48.6685 -25.3304 -0.00550079
-48.77 -25.3756 -0.00572968
-48.8714 -25.4209 -0.00596619
-48.9736 -25.4652 -0.00567627
-49.075 -25.5102 -0.00590515
-49.1764 -25.5555 -0.00616455
-49.2784 -25.5996 -0.00591278
-49.3798 -25.6447 -0.00616455
-49.4812 -25.6897 -0.00644684
-49.583 -25.7338 -0.00662994
-49.6843 -25.7788 -0.00691223
-49.7857 -25.8238 -0.00717926
-49.8875 -25.8679 -0.00739288
-49.9886 -25.9127 -0.00770569
-50.09 -25.9577 -0.00794983
-50.1916 -26.0017 -0.0079422
-50.2927 -26.0465 -0.00823975
-50.394 -26.0913 -0.00852966
-50.4956 -26.1353 -0.00856781
-50.5967 -26.1799 -0.00894165
-50.6979 -26.2246 -0.00920868
-50.7995 -26.2685 -0.00928497
-50.9006 -26.313 -0.00971222
-51.0017 -26.3575 -0.0100403
-51.1032 -26.4013 -0.0101547
-51.2043 -26.4456 -0.0105286
-51.3054 -26.4901 -0.0109787
-51.407 -26.5338 -0.011322
-51.508 -26.5779 -0.0117416
-51.6091 -26.6223 -0.012146
-51.7106 -26.6659 -0.0125122
-51.8116 -26.71 -0.0129089
-51.9126 -26.7542 -0.0133514
-52.0141 -26.7977 -0.0136795
-52.1151 -26.8417 -0.0140076
-52.2161 -26.8858 -0.0144043
-52.3175 -26.9292 -0.0147324
-52.4183 -26.9731 -0.0150986
-52.5193 -27.0171 -0.0153503
-52.6205 -27.0601 -0.0153503
-52.7212 -27.104 -0.0156479
-52.8221 -27.1478 -0.0160065
-52.9231 -27.1908 -0.0160065
-53.0239 -27.2345 -0.0162354
-53.1245 -27.2784 -0.016571
-53.2259 -27.321 -0.0166321
-53.3265 -27.3646 -0.016777
-53.4271 -27.4084 -0.0170746
-53.5284 -27.4508 -0.0171509
-53.6289 -27.4943 -0.0173721
-53.7294 -27.538 -0.0175095
-53.8305 -27.5803 -0.0176315
-53.9308 -27.6238 -0.0179596
-54.0313 -27.6672 -0.0181656
-54.1324 -27.7091 -0.018364
-54.2326 -27.7524 -0.018837
-54.333 -27.7957 -0.0190506
-54.4339 -27.8376 -0.0192719
-54.5339 -27.8806 -0.0196762
-54.6341 -27.9238 -0.0200272
-54.7349 -27.9656 -0.0201874
-54.8348 -28.0086 -0.0205078
-54.9348 -28.0516 -0.0208817
-55.0354 -28.0932 -0.0210342
-55.1352 -28.1359 -0.021347
-55.235 -28.1789 -0.0216751
-55.3354 -28.2204 -0.0218048
-55.435 -28.263 -0.0220566
-55.5347 -28.3057 -0.0223923
-55.6349 -28.3471 -0.0225372
-55.7343 -28.3895 -0.0228424
-55.8339 -28.4321 -0.0231094
-55.9339 -28.4733 -0.0232849
-56.033 -28.5155 -0.0235901
-56.1324 -28.5579 -0.0239105
-56.2322 -28.599 -0.0241089
-56.3311 -28.641 -0.0243988
-56.4303 -28.6832 -0.0246353
-56.5296 -28.7243 -0.0245819
-56.6282 -28.7663 -0.0248337
-56.7272 -28.8082 -0.0250473
-56.8262 -28.8492 -0.0249481
-56.9247 -28.891 -0.0251312
-57.0233 -28.9329 -0.0253601
-57.122 -28.9737 -0.0252686
-57.2202 -29.0154 -0.0255203
-57.3187 -29.0571 -0.02565
-57.4172 -29.0978 -0.0255585
-57.5151 -29.1393 -0.0257568
-57.6133 -29.1809 -0.0259933
-57.7116 -29.2214 -0.0259171
-57.8094 -29.2626 -0.0261002
-57.9073 -29.3041 -0.026329
-58.0053 -29.3444 -0.0262375
-58.1028 -29.3854 -0.0263672
-58.2005 -29.4266 -0.0265503
-58.2983 -29.4667 -0.026413
-58.3957 -29.5075 -0.0264435
-58.4931 -29.5484 -0.0265808
-58.5907 -29.5883 -0.0263443
-58.6878 -29.629 -0.0262299
-58.7851 -29.6697 -0.0262833
-58.8824 -29.7094 -0.0259323
-58.9794 -29.7498 -0.0256805
-59.0764 -29.7904 -0.0256424
-59.1737 -29.8299 -0.0250549
-59.2704 -29.8702 -0.0247192
-59.3672 -29.9106 -0.024559
-59.4644 -29.9493 -0.0236588
-59.5608 -29.9895 -0.0233612
-59.6575 -30.0297 -0.0230179
-59.7545 -30.0684 -0.0220795
-59.8506 -30.1086 -0.0217209
-59.9471 -30.1487 -0.021431
-60.0438 -30.1874 -0.0205002
-60.1398 -30.2275 -0.0200958
-60.2359 -30.2676 -0.0197678
-60.3324 -30.3063 -0.018837
-60.4283 -30.3462 -0.0184326
-60.5243 -30.3862 -0.0180817
-60.6206 -30.4248 -0.0172043
-60.7163 -30.4646 -0.0168762
-60.8122 -30.5045 -0.0164719
-60.9083 -30.5429 -0.0156479
-61.0039 -30.5825 -0.0153427
-61.0996 -30.6222 -0.0149689
-61.1956 -30.6605 -0.0141449
-61.2909 -30.7 -0.0138397
-61.3864 -30.7395 -0.013504
-61.4823 -30.7772 -0.0127792
-61.5776 -30.8163 -0.0124664
-61.6729 -30.8558 -0.0121002
-61.7686 -30.8933 -0.0112762
-61.8636 -30.9325 -0.010788
-61.9589 -30.9715 -0.0104904
-62.0543 -31.0091 -0.00959015
-62.1491 -31.0481 -0.00905609
-62.2441 -31.0873 -0.00856781
-62.3393 -31.1248 -0.00762177
-62.4339 -31.1639 -0.00699615
-62.5287 -31.2029 -0.00650787
-62.6236 -31.2405 -0.00563049
-62.7179 -31.2795 -0.00531006
-62.8125 -31.3184 -0.00468445
-62.9072 -31.3558 -0.00400543
-63.0013 -31.3946 -0.00388336
-63.0955 -31.4335 -0.00351715
-63.1899 -31.4708 -0.00305939
-63.2837 -31.5093 -0.0030899
-63.3777 -31.5481 -0.00296021
-63.4722 -31.5849 -0.00269318
-63.5657 -31.6233 -0.00285339
-63.6595 -31.6619 -0.00287628
-63.7537 -31.6986 -0.00269318
-63.8469 -31.7369 -0.00286102
-63.9404 -31.7753 -0.00298309
-64.0343 -31.8119 -0.00283813
-64.1274 -31.85 -0.00300598
-64.2206 -31.8883 -0.00315857
-64.3142 -31.9251 -0.00325775
-64.407 -31.9631 -0.00340271
-64.5 -32.0011 -0.00354004
-64.5933 -32.0378 -0.00358582
-64.6859 -32.0756 -0.00363922
-64.7786 -32.1135 -0.00383759
-64.8717 -32.1501 -0.00389862
-64.964 -32.1877 -0.00400543
-65.0565 -32.2255 -0.00410461
-65.1493 -32.262 -0.00413513
-65.2413 -32.2995 -0.00409698
-65.3335 -32.337 -0.00427246
-65.426 -32.3734 -0.0042038
-65.5178 -32.4108 -0.0040741
-65.6097 -32.4483 -0.0040741
-65.702 -32.4845 -0.00389862
-65.7934 -32.5218 -0.00366211
-65.8851 -32.5591 -0.00356293
-65.9771 -32.5953 -0.0032959
-66.0683 -32.6324 -0.00294495
-66.1597 -32.6697 -0.00278473
-66.2515 -32.7061 -0.00268555
-66.3424 -32.743 -0.00229645
-66.4335 -32.7802 -0.00199127
-66.525 -32.8165 -0.00182343
-66.6156 -32.8534 -0.00145721
-66.7065 -32.8903 -0.00110626
-66.7977 -32.9264 -0.000930786
-66.8881 -32.9631 -0.000541687
-66.9786 -33 -0.000221252
-67.0695 -33.0358 -0.000282288
-67.1596 -33.0724 7.6294e-05
-67.2499 -33.1091 0.000473022
-67.3405 -33.1448 0.000442505
-67.4303 -33.1812 0.000808716
-67.5204 -33.2178 0.00117493
-67.6107 -33.2534 0.00114441
-67.7002 -33.2897 0.00144958
-67.79 -33.3261 0.0018692
-67.8801 -33.3616 0.00185394
-67.9693 -33.3979 0.00210571
-68.0589 -33.4341 0.00245667
-68.1485 -33.4698 0.00255585
-68.2375 -33.5059 0.00273132
-68.3267 -33.5422 0.00298309
-68.4161 -33.5778 0.00300598
-68.5048 -33.6138 0.00309753
-68.5938 -33.6498 0.00327301
-68.6828 -33.6853 0.00324249
-68.7713 -33.7212 0.0033493
-68.8599 -33.7572 0.00341034
-68.9487 -33.7927 0.0032959
-69.037 -33.8284 0.00344086
-69.1253 -33.8643 0.00349426
-69.2139 -33.8997 0.00339508
-69.3019 -33.9353 0.00349426
-69.3901 -33.9711 0.0036087
-69.4784 -34.0063 0.003479
-69.5662 -34.0419 0.0035553
-69.6542 -34.0775 0.00366974
-69.7423 -34.1127 0.00354004
-69.8299 -34.1482 0.00357056
-69.9177 -34.1837 0.00369263
-70.0055 -34.2188 0.00354767
-70.0929 -34.2542 0.00356293
-70.1805 -34.2896 0.00365448
-70.2681 -34.3246 0.00349426
-70.3553 -34.3598 0.00341797
-70.4427 -34.3952 0.00354004
-70.5302 -34.4299 0.00337982
-70.6172 -34.4651 0.00335693
-70.7044 -34.5002 0.0033493
-70.7916 -34.5349 0.0032196
-70.8784 -34.5699 0.00323486
-70.9654 -34.6051 0.00325775
-71.0524 -34.6397 0.00317383
-71.139 -34.6745 0.00331116
-71.2257 -34.7096 0.00333405
-71.3125 -34.7442 0.00307465
-71.3988 -34.779 0.00324249
-71.4854 -34.8139 0.00336456
-71.5719 -34.8484 0.00311279
-71.658 -34.8831 0.00325012
-71.7443 -34.918 0.0034256
-71.8306 -34.9524 0.00315857
-71.9165 -34.987 0.00323486
-72.0026 -35.0217 0.00337982
-72.0886 -35.0561 0.00308228
-72.1743 -35.0906 0.00313568
-72.2601 -35.1253 0.00325012
-72.3461 -35.1596 0.00235748
-72.4314 -35.1942 0.00239563
-72.5171 -35.2287 0.00245667
-72.6026 -35.263 0.0018158
-72.6878 -35.2974 0.00193024
-72.7731 -35.3321 0.00187683
-72.8584 -35.3663 0.00124359
-72.9434 -35.4006 0.00131989
-73.0285 -35.4351 0.00138855
-73.1136 -35.4691 0.00075531
-73.1983 -35.5034 0.000778198
-73.2833 -35.5377 0.00087738
-73.3681 -35.5716 0.000267029
-73.4527 -35.6058 0.000366211
-73.5374 -35.64 0.000389099
-73.622 -35.6739 -0.000205994
-73.7063 -35.7079 -0.000175476
-73.7908 -35.742 -5.34058e-05
-73.8752 -35.7758 -0.00063324
-73.9593 -35.8097 -0.000595093
-74.0436 -35.8437 -0.000488281
-74.1277 -35.8773 -0.00101471
-74.2115 -35.9112 -0.000999451
-74.2956 -35.945 -0.000862122
-74.3795 -35.9786 -0.00134277
-74.4631 -36.0124 -0.00117493
-74.5469 -36.0464 -0.00114441
-74.6305 -36.08 -0.00154877
-74.7138 -36.1137 -0.00138855
-74.7974 -36.1476 -0.00119781
-74.8808 -36.1812 -0.00154114
-74.9639 -36.2149 -0.00130463
-75.0472 -36.2487 -0.00113678
-75.1303 -36.2822 -0.00144196
-75.2132 -36.3158 -0.00128937
-75.2963 -36.3495 -0.000976562
-75.379 -36.3822 -0.000541687
-75.4617 -36.4158 -0.000419617
-75.5445 -36.4493 -0.000213623
-75.6269 -36.482 0.000160217
-75.7094 -36.5153 0.000312805
-75.792 -36.5489 0.000488281
-75.8743 -36.5815 0.000892639
-75.9565 -36.6148 0.00104523
-76.0389 -36.6481 0.00122833
-76.121 -36.6806 0.00164032
-76.203 -36.7138 0.0018692
-76.2852 -36.7472 0.00201416
-76.367 -36.7796 0.00246429
-76.4489 -36.8127 0.00274658
-76.5308 -36.846 0.00296783
-76.6124 -36.8784 0.00344086
-76.694 -36.9115 0.00380707
-76.7758 -36.9446 0.00411224
-76.8571 -36.9779 0.00500488
-76.9384 -37.011 0.00541687
-77.02 -37.044 0.00580597
-77.1011 -37.0771 0.00671387
-77.1823 -37.1101 0.00717163
-77.2636 -37.1432 0.00760651
-77.3445 -37.1761 0.00875854
-77.4254 -37.209 0.00922394
-77.5066 -37.2419 0.00971222
-77.5873 -37.2747 0.010849
-77.668 -37.3075 0.011261
-77.7489 -37.3403 0.0117798
-77.8294 -37.3729 0.0128632
-77.9099 -37.4056 0.0133591
-77.9905 -37.4383 0.0138397
-78.0709 -37.4702 0.0148621
-78.1511 -37.5028 0.0154114
-78.2316 -37.5355 0.0159149
-78.3117 -37.5673 0.0169525
-78.3918 -37.5998 0.0175018
-78.472 -37.6324 0.0180283
-78.5519 -37.6642 0.0190277
-78.6317 -37.6966 0.0195694
-78.7118 -37.7291 0.0200806
-78.7915 -37.7607 0.0210037
-78.8712 -37.7931 0.0214844
-78.9509 -37.8255 0.0219193
-79.0304 -37.8579 0.0231705
-79.1098 -37.8901 0.0236053
-79.1894 -37.9225 0.0239639
-79.2686 -37.9549 0.0250702
-79.3478 -37.987 0.0253906
-79.4272 -38.0192 0.0257416
-79.5062 -38.0514 0.0267715
-79.5851 -38.0835 0.0269775
-79.6643 -38.1155 0.0272827
-79.7432 -38.1478 0.0280075
-79.8219 -38.1798 0.0282059
-79.9008 -38.2119 0.0284042
-79.9794 -38.2442 0.0290375
-80.0579 -38.2761 0.0292206
-80.1366 -38.3082 0.0293884
-80.215 -38.3405 0.0299911
-80.2932 -38.3724 0.0301285
-80.3716 -38.4043 0.0302658
-80.4497 -38.4369 0.0307465
-80.5278 -38.4688 0.0307999
-80.6059 -38.5007 0.0309601
-80.6838 -38.5332 0.0313568
-80.7616 -38.5649 0.0313644
-80.8397 -38.5967 0.0314331
-80.9173 -38.6296 0.0319824
-80.9949 -38.6612 0.0318069
-81.0727 -38.6929 0.0318909
-81.1502 -38.7255 0.0323257
-81.2276 -38.757 0.032196
-81.3052 -38.7886 0.0320816
-81.3824 -38.8212 0.0324631
-81.4597 -38.8526 0.0323105
-81.537 -38.8841 0.0322495
-81.6141 -38.9165 0.0326767
-81.6911 -38.9479 0.0325851
-81.7683 -38.9793 0.0324936
-81.8452 -39.0116 0.0329666
-81.922 -39.0428 0.0329437
-81.999 -39.0743 0.0328827
-82.0757 -39.1065 0.033371
-82.1523 -39.1377 0.0334091
-82.2291 -39.1689 0.0334244
-82.3055 -39.201 0.0339508
-82.3819 -39.2321 0.0339661
-82.4585 -39.2633 0.0340576
-82.5347 -39.2952 0.0345917
-82.6109 -39.3262 0.0347061
-82.6873 -39.3573 0.0347214
-82.7631 -39.3894 0.0350952
-82.839 -39.4202 0.0351486
-82.9152 -39.4512 0.0352859
-82.9908 -39.483 0.035614
-83.0665 -39.5138 0.0356445
-83.1424 -39.5446 0.0356293
-83.2178 -39.5763 0.0358734
-83.2933 -39.6069 0.0359497
-83.3689 -39.6377 0.0358582
-83.444 -39.6692 0.0361176
-83.5192 -39.6998 0.0362244
-83.5945 -39.7304 0.0361938
-83.6693 -39.7618 0.0364151
-83.7443 -39.7922 0.0363998
-83.8194 -39.8228 0.0365219
-83.894 -39.854 0.0367279
-83.9686 -39.8844 0.0367279
-84.0435 -39.9148 0.0366974
-84.1177 -39.946 0.0368042
-84.192 -39.9762 0.0366516
-84.2666 -40.0066 0.0366592
-84.3406 -40.0376 0.0366821
-84.4146 -40.0677 0.0364761
-84.4889 -40.0979 0.0363388
-84.5626 -40.1288 0.0362625
-84.6363 -40.1588 0.0358505
-84.7104 -40.1888 0.0357132
-84.7839 -40.2197 0.0355225
-84.8573 -40.2496 0.035141
-84.931 -40.2796 0.0346832
-85.0043 -40.3103 0.0344162
-85.0775 -40.34 0.0340347
-85.1508 -40.3699 0.0335312
-85.2238 -40.4006 0.0332413
-85.2968 -40.4301 0.0328751
-85.3699 -40.4598 0.0324173
-85.4426 -40.4903 0.0321274
-85.5152 -40.5198 0.0317078
-85.5882 -40.5492 0.0313416
-85.6606 -40.5795 0.031044
-85.733 -40.6088 0.0306015
-85.8056 -40.6382 0.0302124
-85.8778 -40.6683 0.0299454
-85.9498 -40.6976 0.0296097
-86.0221 -40.7268 0.0291138
-86.0939 -40.7568 0.0288773
-86.1658 -40.7859 0.0285568
-86.2377 -40.8152 0.0280914
-86.3092 -40.845 0.0277863
-86.3807 -40.8739 0.0274963
-86.4524 -40.9031 0.0270538
-86.5237 -40.9329 0.0268326
-86.5948 -40.9619 0.0265503
-86.6662 -40.9908 0.0262146
-86.7371 -41.0205 0.0260239
-86.808 -41.0493 0.025795
-86.879 -41.0783 0.0255203
-86.9496 -41.108 0.0253525
-87.0201 -41.1368 0.025177
-87.0909 -41.1656 0.0249634
-87.1612 -41.195 0.0250397
-87.2314 -41.2238 0.0248108
-87.3019 -41.2525 0.0246887
-87.3719 -41.2818 0.0247421
-87.4419 -41.3103 0.0245514
-87.5121 -41.3391 0.0243301
-87.5818 -41.3683 0.0243378
-87.6515 -41.3967 0.0240631
-87.7214 -41.4253 0.0239334
-87.7909 -41.4543 0.0238953
-87.8604 -41.4826 0.0235825
-87.93 -41.511 0.023407
-87.9993 -41.5406 0.0232697
-88.0684 -41.5688 0.0229645
-88.1379 -41.597 0.0227051
-88.2068 -41.6264 0.0225754
-88.2758 -41.6544 0.0222015
-88.3448 -41.6826 0.0219421
-88.4135 -41.7118 0.0218048
-88.4821 -41.7397 0.0215225
-88.5511 -41.7677 0.0211868
-88.6196 -41.7969 0.0211411
-88.6879 -41.8248 0.0209045
-88.7564 -41.8526 0.0206528
-88.8247 -41.8817 0.020668
-88.8927 -41.9095 0.0205612
-88.961 -41.9373 0.0202713
-89.0288 -41.9663 0.0203705
-89.0965 -41.9941 0.0203247
-89.1645 -42.0218 0.0202026
-89.2321 -42.0507 0.0203705
-89.2996 -42.0784 0.0203705
-89.3672 -42.1061 0.0203323
-89.4345 -42.1349 0.0205307
-89.5016 -42.1625 0.0206909
-89.569 -42.1902 0.020607
-89.636 -42.2189 0.020813
-89.7029 -42.2463 0.0209198
-89.77 -42.2739 0.0210037
-89.8367 -42.3024 0.0212021
-89.9033 -42.3297 0.021286
-89.9701 -42.3571 0.0213165
-90.0366 -42.3848 0.0218048
-90.1029 -42.4119 0.021843
-90.1694 -42.4392 0.0219421
-90.2356 -42.4666 0.022377
-90.3016 -42.4937 0.022377
-90.3678 -42.5207 0.0224533
-90.4337 -42.5481 0.0228729
-90.4994 -42.5749 0.0228806
-90.5653 -42.6019 0.0228653
-90.6309 -42.6291 0.0232849
-90.6963 -42.6559 0.0232773
-90.7619 -42.6827 0.0232468
-90.8272 -42.7098 0.0235977
-90.8922 -42.7365 0.0235748
-90.9576 -42.7633 0.0235519
-91.0225 -42.7903 0.0238724
-91.0873 -42.817 0.0238266
-91.1523 -42.8436 0.0237885
-91.217 -42.8705 0.0240555
-91.2814 -42.897 0.0239944
-91.3461 -42.9236 0.0239029
-91.4104 -42.9505 0.0241241
-91.4746 -42.9769 0.0240326
-91.539 -43.0034 0.0239716
-91.603 -43.0306 0.0243301
-91.6669 -43.0569 0.0241776
-91.731 -43.0833 0.0240936
-91.7947 -43.1104 0.0243835
-91.8582 -43.1366 0.0241547
-91.922 -43.1629 0.0240631
-91.9855 -43.1898 0.0242996
-92.0487 -43.2159 0.024025
-92.1122 -43.242 0.0238647
-92.1754 -43.2688 0.0240479
-92.2383 -43.2946 0.0238419
-92.3015 -43.3208 0.0235901
-92.3644 -43.3474 0.0238266
-92.427 -43.3732 0.0237045
-92.49 -43.3991 0.0234833
-92.5526 -43.4256 0.0237885
-92.615 -43.4512 0.0237122
-92.6776 -43.477 0.0236053
-92.7399 -43.5033 0.0239487
-92.802 -43.5288 0.0239639
-92.8644 -43.5545 0.0238571
-92.9265 -43.5806 0.0241928
-92.9883 -43.6059 0.0241776
-93.0504 -43.6313 0.0241852
-93.1122 -43.6572 0.0245132
-93.1737 -43.6824 0.024498
-93.2356 -43.7076 0.024498
-93.2971 -43.7334 0.0248718
-93.3583 -43.7585 0.0249405
-93.4199 -43.7836 0.0249557
-93.481 -43.8092 0.0253525
-93.542 -43.8342 0.0254135
-93.6032 -43.8593 0.0254974
-93.6641 -43.8847 0.0258179
-93.7249 -43.9095 0.0258789
-93.7857 -43.9345 0.0259094
-93.8463 -43.9599 0.0262604
-93.9067 -43.9846 0.0263596
-93.9674 -44.0094 0.0263824
-94.0277 -44.0347 0.0267181
-94.0877 -44.0593 0.0267105
-94.1481 -44.0839 0.0268555
-94.2081 -44.109 0.0271912
-94.2678 -44.1335 0.0273056
-94.3279 -44.1581 0.0272827
-94.3874 -44.1834 0.0274734
-94.4468 -44.2077 0.0275192
-94.5065 -44.2322 0.0275955
-94.5658 -44.2577 0.0278244
-94.625 -44.282 0.0277863
-94.6844 -44.3063 0.027832
-94.7433 -44.3317 0.0280075
-94.8022 -44.3558 0.027977
-94.8613 -44.38 0.027916
-94.9199 -44.4059 0.0280609
-94.9785 -44.4298 0.0279541
-95.0373 -44.454 0.0279388
-95.0956 -44.4796 0.0280533
-95.1538 -44.5034 0.0279388
-95.2123 -44.5273 0.0278702
-95.2703 -44.5527 0.0279388
-95.3282 -44.5763 0.0277405
-95.3864 -44.6001 0.0276489
-95.4441 -44.6245 0.0276794
-95.5018 -44.6479 0.0274658
-95.5596 -44.6715 0.0272903
-95.617 -44.6957 0.0273056
-95.6743 -44.719 0.0270386
-95.7319 -44.7423 0.0268631
-95.789 -44.7663 0.0268097
-95.846 -44.7894 0.0265274
-95.9032 -44.8126 0.0262909
-95.96 -44.8364 0.0262375
-96.0166 -44.8593 0.0259933
-96.0735 -44.8824 0.0256882
-96.13 -44.9069 0.0254059
-96.1863 -44.9296 0.0252075
-96.2428 -44.9526 0.0249939
-96.299 -44.9769 0.024765
-96.3549 -44.9995 0.0245514
-96.4112 -45.0222 0.0244598
-96.4669 -45.0462 0.0240402
-96.5224 -45.0687 0.0238647
-96.5782 -45.0914 0.0236664
-96.6336 -45.1152 0.0232468
-96.6887 -45.1376 0.0230408
-96.7442 -45.1601 0.0228653
-96.7992 -45.1837 0.0224304
-96.854 -45.2059 0.0221786
-96.9091 -45.2282 0.0219803
-96.9637 -45.2516 0.0215225
-97.0181 -45.2736 0.0213623
-97.0728 -45.2957 0.0210724
-97.127 -45.3189 0.0206451
-97.1811 -45.3407 0.0204926
-97.2355 -45.3627 0.0203094
-97.2893 -45.3857 0.019928
-97.343 -45.4074 0.0197678
-97.3971 -45.4292 0.0196609
-97.4506 -45.452 0.0193176
-97.5039 -45.4735 0.0191803
-97.5576 -45.4952 0.0190659
-97.6108 -45.518 0.0190125
-97.6637 -45.5394 0.0188293
-97.7169 -45.5609 0.0188293
-97.7696 -45.5833 0.0184784
-97.8221 -45.6046 0.0183258
-97.8749 -45.626 0.0181656
-97.9272 -45.6482 0.0177231
-97.9792 -45.6693 0.0175247
-98.0316 -45.6907 0.017395
-98.0835 -45.7127 0.016922
-98.135 -45.7338 0.0166855
-98.187 -45.7548 0.0164948
-98.2384 -45.7766 0.0160065
-98.2897 -45.7975 0.0157166
-98.3411 -45.8185 0.01548
-98.3922 -45.8401 0.0149765
-98.4429 -45.8608 0.0146942
-98.4941 -45.8816 0.014389
-98.5447 -45.903 0.013855
-98.5951 -45.9235 0.0135193
-98.6457 -45.9441 0.0132446
-98.6959 -45.9653 0.0127029
-98.7459 -45.9855 0.0124283
-98.7962 -46.006 0.0120621
-98.8461 -46.027 0.0112381
-98.8957 -46.047 0.0108795
-98.9456 -46.0672 0.0105972
-98.9951 -46.0879 0.009758
-99.0443 -46.1077 0.00940704
-99.0938 -46.1276 0.00907898
-99.143 -46.148 0.00849915
-99.1919 -46.1675 0.00827789
-99.241 -46.1873 0.00789642
-99.2898 -46.2074 0.00737
-99.3383 -46.2267 0.00717926
-99.3871 -46.2462 0.00692749
-99.4355 -46.2661 0.00646973
-99.4836 -46.2851 0.0063324
-99.532 -46.3044 0.00611877
-99.5801 -46.324 0.00572968
-99.6278 -46.3428 0.00558472
-99.6758 -46.3618 0.00541687
-99.7234 -46.3812 0.00498199
-99.7707 -46.3998 0.00478363
-99.8183 -46.4186 0.00467682
-99.8654 -46.4378 0.00424194
-99.9122 -46.4563 0.00404358
-99.9594 -46.4749 0.00386047
-100.006 -46.4942 0.00356293
-100.053 -46.5127 0.00328827
-100.099 -46.531 0.00312042
-100.146 -46.5503 0.00279999
-100.192 -46.5687 0.00253296
-100.238 -46.5871 0.00228119
-100.283 -46.6057 0.0019989
-100.329 -46.624 0.00178528
-100.374 -46.6424 0.00148773
-100.42 -46.661 0.00121307
-100.464 -46.6793 0.0010376
-100.51 -46.6977 0.000785828
-100.554 -46.7162 0.000518799
-100.599 -46.7345 0.000289917
-100.643 -46.7528 0.00012207
-100.687 -46.7713 -0.000152588
-100.731 -46.7896 -0.000419617
-100.775 -46.8078 -0.00062561
-100.819 -46.8262 -0.000907898
-100.863 -46.8443 -0.00111389
-100.906 -46.8626 -0.00141144
-100.95 -46.8809 -0.00170135
-100.993 -46.8988 -0.00191498
-101.036 -46.9169 -0.00215149
-101.079 -46.935 -0.00244141
-101.121 -46.9528 -0.00270844
-101.164 -46.9707 -0.00294495
-101.207 -46.9886 -0.00326538
-101.249 -47.0061 -0.00349426
-101.292 -47.0239 -0.00375366
-101.334 -47.0416 -0.0040741
-101.376 -47.059 -0.00442505
-101.418 -47.0764 -0.00458527
-101.46 -47.0938 -0.00493622
-101.501 -47.1109 -0.0052948
-101.543 -47.1282 -0.00566101
-101.585 -47.1445 -0.00535583
-101.626 -47.1612 -0.00582886
-101.667 -47.1783 -0.0062027
-101.709 -47.1944 -0.00602722
-101.75 -47.2108 -0.00655365
-101.791 -47.2274 -0.00704956
-101.832 -47.2432 -0.00696564
-101.873 -47.2593 -0.00756836
-101.914 -47.2757 -0.00812531
-101.955 -47.2912 -0.00811005
-101.995 -47.3071 -0.00868988
-102.036 -47.3232 -0.00936127
-102.076 -47.3386 -0.00940704
-102.116 -47.3543 -0.0100098
-102.157 -47.3702 -0.0106201
-102.197 -47.3863 -0.010498
-102.236 -47.4019 -0.0110397
-102.276 -47.4177 -0.0116119
-102.317 -47.4333 -0.011322
-102.356 -47.4489 -0.0118027
-102.395 -47.4644 -0.0122757
